Accuracy = 0.6079570673445507
Precision = [0.94571615 0.27878257]
Recall = [0.56100873 0.84049964]
F1 Score = [0.70424936 0.41869092]