Accuracy = 0.7469232941936005
Precision = [0.93420893 0.37235202]
Recall = [0.7485451  0.73889022]
F1 Score = [0.83113456 0.49517064]