Accuracy = 0.16801839970947827
Precision = [0.06585159 0.         0.37235202]
Recall = [0.76083916 0.         0.73889022]
F1 Score = [0.12121212 0.         0.49517064]