Accuracy = 0.7469232941936005
Precision = 0.9342089335431546
Recall = 0.748545101842871
F1 Score = 0.8311345646437995