Accuracy = 0.6883910386965377
Precision = 0.9440298507462687
Recall = 0.6470588235294118
F1 Score = 0.7678300455235205