Accuracy = 0.8583333333333333
Precision = 0.9534883720930233
Recall = 0.8806682577565632
F1 Score = 0.9156327543424317