Accuracy = 0.8371428571428572
Precision = 0.9469387755102041
Recall = 0.8405797101449275
F1 Score = 0.890595009596929