Accuracy = 0.6293279022403259
Precision = 0.968609865470852
Recall = 0.5524296675191815
F1 Score = 0.7035830618892509