Accuracy = 0.1761287979663479
Precision = [0.07079791 0.         0.27878257]
Recall = [0.60559441 0.         0.84049964]
F1 Score = [0.126775   0.         0.41869092]