Accuracy = 0.6079570673445507
Precision = 0.9457161543492478
Recall = 0.5610087293889428
F1 Score = 0.7042493607695117