Accuracy = 0.7514285714285714
Precision = 0.9655172413793104
Recall = 0.7101449275362319
F1 Score = 0.8183716075156576