Accuracy = 0.7
Precision = 0.9661016949152542
Recall = 0.6801909307875895
F1 Score = 0.7983193277310925