Accuracy = 0.7825
Precision = 0.6054888507718696
Recall = 0.6326164874551972
F1 Score = 0.6187554776511832