Accuracy = 0.7385
Precision = 0.5598455598455598
Recall = 0.7061688311688312
F1 Score = 0.624551328068916