Accuracy = 0.7725
Precision = 0.6432835820895523
Recall = 0.6661514683153014
F1 Score = 0.6545178435839027