Accuracy = 0.764
Precision = 0.6131191432396251
Recall = 0.7145085803432137
F1 Score = 0.659942363112392