Accuracy = 0.5135
Precision = 0.40338770388958595
Recall = 0.9669172932330827
F1 Score = 0.5692784417884019