Accuracy = 0.14913448735019974
Precision = [0.06814671 0.         0.34286887]
Recall = [0.83286713 0.         0.60172952]
F1 Score = [0.12598508 0.         0.43682971]