Accuracy = 0.7771428571428571
Precision = 0.875
Recall = 0.8369565217391305
F1 Score = 0.8555555555555556