Accuracy = 0.7393777992979058
Precision = 0.9051324598043142
Recall = 0.7671677982541222
F1 Score = 0.830459091267029