Accuracy = 0.7006109979633401
Precision = 0.8765432098765432
Recall = 0.7263427109974424
F1 Score = 0.7944055944055944