Accuracy = 0.8791666666666667
Precision = 0.9287410926365796
Recall = 0.9331742243436754
F1 Score = 0.930952380952381