Accuracy = 0.74
Precision = 0.9468599033816425
Recall = 0.7101449275362319
F1 Score = 0.8115942028985508