Accuracy = 0.5582859218012347
Precision = 0.9241427694466369
Recall = 0.5110572259941804
F1 Score = 0.6581519532835773