Accuracy = 0.8479166666666667
Precision = 0.9576719576719577
Recall = 0.863961813842482
F1 Score = 0.9084065244667503