Accuracy = 0.6741344195519349
Precision = 0.9110320284697508
Recall = 0.6547314578005116
F1 Score = 0.7619047619047621