Accuracy = 0.7955
Precision = 0.5905096660808435
Recall = 0.65625
F1 Score = 0.6216466234967623