Accuracy = 0.797
Precision = 0.6156941649899397
Recall = 0.5873320537428023
F1 Score = 0.6011787819253438