Accuracy = 0.782
Precision = 0.5508982035928144
Recall = 0.7301587301587301
F1 Score = 0.6279863481228669