Accuracy = 0.798
Precision = 0.6131045241809673
Recall = 0.7158469945355191
F1 Score = 0.6605042016806724