Accuracy = 0.8025
Precision = 0.6058158319870759
Recall = 0.7129277566539924
F1 Score = 0.6550218340611355