Accuracy = 0.777
Precision = 0.5885608856088561
Recall = 0.5885608856088561
F1 Score = 0.5885608856088561