Accuracy = 0.7725
Precision = 0.5652920962199313
Recall = 0.6195856873822976
F1 Score = 0.5911949685534591