Accuracy = 0.8025
Precision = 0.6290909090909091
Recall = 0.6443202979515829
F1 Score = 0.6366145354185833