Accuracy = 0.763
Precision = 0.5803108808290155
Recall = 0.5925925925925926
F1 Score = 0.5863874345549739