Accuracy = 0.7535
Precision = 0.6253561253561254
Recall = 0.656203288490284
F1 Score = 0.6404084609773888