Accuracy = 0.8951297260218698
Precision = [0.41551642 0.96858084 0.83035902]
Recall = [0.61048951 0.90442939 0.95003603]
F1 Score = [0.49447749 0.93540651 0.88617522]