Accuracy = 0.9041666666666667
Precision = [0.95823096 0.         0.88      ]
Recall = [0.93078759 0.         0.72131148]
F1 Score = [0.94430993 0.         0.79279279]