Accuracy = 0.6517311608961304
Precision = [0.98305085 0.         0.6875    ]
Recall = [0.59335038 0.         0.88      ]
F1 Score = [0.7400319  0.         0.77192982]