Accuracy = 0.22285714285714286
Precision = [0.95652174 0.         0.84848485]
Recall = [0.07971014 0.         0.75675676]
F1 Score = [0.14715719 0.         0.8       ]