Accuracy = 0.1734253318807247
Precision = [0.08769622 0.         0.24648729]
Recall = [0.6993007  0.         0.79221715]
F1 Score = [0.1558482  0.         0.37599042]