Accuracy = 0.5582859218012347
Precision = [0.92414277 0.24648729]
Recall = [0.51105723 0.79221715]
F1 Score = [0.65815195 0.37599042]